10001	Monster_001.PNG	15	1.2	5	18	1.5	1.5	5	1
10002	Monster_002.PNG	20	1	6	18	1.5	1.5	5	1
10003	Monster_003.PNG	25	1	7	18	1.5	1.5	5	1
10004	Monster_004.PNG	30	1	8	18	1.5	1.5	5	1
10005	Monster_005.PNG	40	1	9	18	1.5	1.5	5	1
10006	Monster_006.PNG	45	1	10	18	1.5	1.5	5	1
10007	Monster_007.PNG	60	1	10	18	1.5	1.5	5	1
10008	Monster_001.PNG	65	1.5	10	18	1.5	1.5	5	1
10009	Monster_002.PNG	70	1	10	18	1.5	1.5	5	1
10010	Monster_007.PNG	100	1.5	2	300	2	2	5	1
10011	Monster_006.PNG	300	1.2	1	900	2.5	2.5	5	1
10101	Monster_002.PNG	25	1	5	18	1.5	1.5	5	1
10102	Monster_003.PNG	30	1	6	18	1.5	1.5	5	1
10103	Monster_001.PNG	35	1.2	7	18	1.5	1.5	5	1
10104	Monster_004.PNG	40	1	8	18	1.5	1.5	5	1
10105	Monster_005.PNG	45	1.1	9	18	1.5	1.5	5	1
10106	Monster_006.PNG	55	1	10	18	1.5	1.5	5	1
10107	Monster_007.PNG	60	1	10	18	1.5	1.5	5	1
10108	Monster_008.PNG	60	1.5	10	18	1.5	1.5	5	1
10109	Monster_002.PNG	65	1	10	18	1.5	1.5	5	1
10110	Monster_001.PNG	120	1.5	2	300	2	2	5	1
10111	Monster_005.PNG	500	1.2	1	900	2.5	2.5	5	1
10201	Monster_003.PNG	15	1	5	18	1.5	1.5	5	1
10202	Monster_002.PNG	25	1	6	18	1.5	1.5	5	1
10203	Monster_001.PNG	40	1.3	6	18	1.5	1.5	5	1
10204	Monster_004.PNG	50	1	6	18	1.5	1.5	5	1
10205	Monster_005.PNG	60	1.1	7	18	1.5	1.5	5	1
10206	Monster_001.PNG	70	1.4	7	18	1.5	1.5	5	1
10207	Monster_006.PNG	80	1	8	18	1.5	1.5	5	1
10208	Monster_007.PNG	90	1.2	8	18	1.5	1.5	5	1
10209	Monster_002.PNG	95	1.1	9	18	1.5	1.5	5	1
10210	Monster_008.PNG	100	1.1	9	18	1.5	1.5	5	1
10211	Monster_005.PNG	105	1.2	10	18	1.5	1.5	5	1
10212	Monster_004.PNG	110	1.1	10	18	1.5	1.5	5	1
10213	Monster_003.PNG	115	1.1	10	18	1.5	1.5	5	1
10214	Monster_006.PNG	450	1.3	3	300	2	2	5	1
10215	Monster_001.PNG	1000	1.6	1	900	2.5	2.5	5	1
10301	Monster_002.PNG	25	1	6	18	1.5	1.5	5	1
10302	Monster_003.PNG	40	1	6	18	1.5	1.5	5	1
10303	Monster_001.PNG	50	1.2	8	18	1.5	1.5	5	1
10304	Monster_004.PNG	60	1	8	18	1.5	1.5	5	1
10305	Monster_005.PNG	70	1.1	9	18	1.5	1.5	5	1
10306	Monster_006.PNG	80	1	9	18	1.5	1.5	5	1
10307	Monster_007.PNG	90	1	10	18	1.5	1.5	5	1
10308	Monster_008.PNG	100	1.1	10	18	1.5	1.5	5	1
10309	Monster_002.PNG	110	1	10	18	1.5	1.5	5	1
10310	Monster_004.PNG	300	1.4	2	300	2	2	5	1
10311	Monster_007.PNG	800	1.2	1	900	2.5	2.5	5	1
10401	Monster_004.PNG	15	1	5	18	1.5	1.5	5	1
10402	Monster_003.PNG	40	1	6	18	1.5	1.5	5	1
10403	Monster_005.PNG	50	1	6	18	1.5	1.5	5	1
10404	Monster_001.PNG	60	1.3	6	18	1.5	1.5	5	1
10405	Monster_002.PNG	70	1	7	18	1.5	1.5	5	1
10406	Monster_006.PNG	80	1	7	18	1.5	1.5	5	1
10407	Monster_005.PNG	90	1	7	18	1.5	1.5	5	1
10408	Monster_007.PNG	100	1	9	18	1.5	1.5	5	1
10409	Monster_001.PNG	110	1.4	9	18	1.5	1.5	5	1
10410	Monster_008.PNG	120	1	9	18	1.5	1.5	5	1
10411	Monster_005.PNG	130	1	10	18	1.5	1.5	5	1
10412	Monster_003.PNG	140	1	10	18	1.5	1.5	5	1
10413	Monster_002.PNG	250	1.2	3	200	2	2	5	1
10414	Monster_001.PNG	400	1.6	3	300	2	2	5	1
10415	Monster_008.PNG	1500	1.3	1	900	2.5	2.5	5	1
10501	Monster_002.PNG	15	1	5	18	1.5	1.5	5	1
10502	Monster_006.PNG	40	1	6	18	1.5	1.5	5	1
10503	Monster_005.PNG	50	1	6	18	1.5	1.5	5	1
10504	Monster_003.PNG	60	1	6	18	1.5	1.5	5	1
10505	Monster_001.PNG	250	1.5	2	200	2	2	5	1
10506	Monster_008.PNG	70	1	7	18	1.5	1.5	5	1
10507	Monster_004.PNG	80	1	7	18	1.5	1.5	5	1
10508	Monster_007.PNG	90	1	9	18	1.5	1.5	5	1
10509	Monster_005.PNG	100	1.2	9	18	1.5	1.5	5	1
10510	Monster_003.PNG	110	1	9	18	1.5	1.5	5	1
10511	Monster_006.PNG	120	1	10	18	1.5	1.5	5	1
10512	Monster_002.PNG	130	1	10	18	1.5	1.5	5	1
10513	Monster_001.PNG	140	1.4	10	18	1.5	1.5	5	1
10514	Monster_004.PNG	350	1.4	3	300	2	2	5	1
10515	Monster_006.PNG	1500	1.5	1	900	2.5	2.5	5	1
10601	Monster_003.PNG	15	1	8	18	1.5	1.5	5	1
10602	Monster_005.PNG	40	1	8	18	1.5	1.5	5	1
10603	Monster_007.PNG	50	1	8	18	1.5	1.5	5	1
10604	Monster_002.PNG	60	1	8	18	1.5	1.5	5	1
10605	Monster_001.PNG	180	1.5	2	200	2	2	5	1
10606	Monster_008.PNG	70	1	9	18	1.5	1.5	5	1
10607	Monster_004.PNG	80	1	9	18	1.5	1.5	5	1
10608	Monster_006.PNG	90	1	9	18	1.5	1.5	5	1
10609	Monster_005.PNG	100	1	9	18	1.5	1.5	5	1
10610	Monster_001.PNG	110	1.3	10	18	1.5	1.5	5	1
10611	Monster_003.PNG	250	1.5	3	250	2	2	5	1
10612	Monster_004.PNG	120	1	10	18	1.5	1.5	5	1
10613	Monster_002.PNG	125	1.1	10	18	1.5	1.5	5	1
10614	Monster_006.PNG	130	1	10	18	1.5	1.5	5	1
10615	Monster_008.PNG	135	1.2	10	18	1.5	1.5	5	1
10616	Monster_005.PNG	300	1.4	4	300	2	2	5	1
10617	Monster_002.PNG	1500	1.5	1	900	2.5	2.5	5	1
10701	Monster_002.PNG	15	1	8	18	1.5	1.5	5	1
10702	Monster_003.PNG	40	1	8	18	1.5	1.5	5	1
10703	Monster_007.PNG	50	1	8	18	1.5	1.5	5	1
10704	Monster_004.PNG	60	1	8	18	1.5	1.5	5	1
10705	Monster_001.PNG	250	1.5	2	200	2	2	5	1
10706	Monster_008.PNG	70	1	9	18	1.5	1.5	5	1
10707	Monster_005.PNG	80	1	9	18	1.5	1.5	5	1
10708	Monster_006.PNG	90	1	9	18	1.5	1.5	5	1
10709	Monster_002.PNG	100	1	9	18	1.5	1.5	5	1
10710	Monster_001.PNG	110	1.3	10	18	1.5	1.5	5	1
10711	Monster_004.PNG	350	1.5	3	250	2	2	5	1
10712	Monster_003.PNG	110	1	10	18	1.5	1.5	5	1
10713	Monster_005.PNG	120	1.1	10	18	1.5	1.5	5	1
10714	Monster_007.PNG	130	1	10	18	1.5	1.5	5	1
10715	Monster_008.PNG	140	1.2	10	18	1.5	1.5	5	1
10716	Monster_002.PNG	450	1.4	4	300	2	2	5	1
10717	Monster_003.PNG	1600	1.5	1	900	2.5	2.5	5	1
10801	Monster_003.PNG	15	1	8	18	1.5	1.5	5	1
10802	Monster_004.PNG	45	1	8	18	1.5	1.5	5	1
10803	Monster_007.PNG	50	1	8	18	1.5	1.5	5	1
10804	Monster_002.PNG	60	1	8	18	1.5	1.5	5	1
10805	Monster_001.PNG	250	1.5	2	200	2	2	5	1
10806	Monster_006.PNG	70	1	9	18	1.5	1.5	5	1
10807	Monster_005.PNG	80	1	9	18	1.5	1.5	5	1
10808	Monster_007.PNG	90	1	9	18	1.5	1.5	5	1
10809	Monster_008.PNG	100	1	9	18	1.5	1.5	5	1
10810	Monster_004.PNG	110	1.2	10	18	1.5	1.5	5	1
10811	Monster_001.PNG	350	1.5	3	250	2	2	5	1
10812	Monster_003.PNG	120	1	10	18	1.5	1.5	5	1
10813	Monster_005.PNG	130	1.1	10	18	1.5	1.5	5	1
10814	Monster_006.PNG	140	1	10	18	1.5	1.5	5	1
10815	Monster_002.PNG	150	1.2	10	18	1.5	1.5	5	1
10816	Monster_007.PNG	400	1.4	4	300	2	2	5	1
10817	Monster_004.PNG	1400	1.5	1	900	2.5	2.5	5	1
10901	Monster_007.PNG	15	1	8	18	1.5	1.5	5	1
10902	Monster_006.PNG	45	1	8	18	1.5	1.5	5	1
10903	Monster_003.PNG	50	1	8	18	1.5	1.5	5	1
10904	Monster_005.PNG	60	1	8	18	1.5	1.5	5	1
10905	Monster_004.PNG	250	1.5	2	200	2	2	5	1
10906	Monster_006.PNG	70	1	9	18	1.5	1.5	5	1
10907	Monster_008.PNG	80	1	9	18	1.5	1.5	5	1
10908	Monster_007.PNG	90	1	9	18	1.5	1.5	5	1
10909	Monster_002.PNG	100	1	9	18	1.5	1.5	5	1
10910	Monster_003.PNG	110	1.2	10	18	1.5	1.5	5	1
10911	Monster_005.PNG	300	1.5	3	250	2	2	5	1
10912	Monster_006.PNG	120	1	10	18	1.5	1.5	5	1
10913	Monster_004.PNG	130	1.1	10	18	1.5	1.5	5	1
10914	Monster_002.PNG	140	1	10	18	1.5	1.5	5	1
10915	Monster_001.PNG	150	1.5	10	18	1.5	1.5	5	1
10916	Monster_006.PNG	350	1.2	4	300	2	2	5	1
10917	Monster_008.PNG	1400	1.5	1	900	2.5	2.5	5	1
20001	Monster_004.PNG	15	1	5	18	1.5	1.5	5	1
20002	Monster_006.PNG	35	1	5	18	1.5	1.5	5	1
20003	Monster_005.PNG	40	1	5	18	1.5	1.5	5	1
20004	Monster_003.PNG	50	1	5	18	1.5	1.5	5	1
20005	Monster_002.PNG	180	1.5	1	200	2	2	5	1
20006	Monster_007.PNG	55	1	6	18	1.5	1.5	5	1
20007	Monster_006.PNG	60	1	6	18	1.5	1.5	5	1
20008	Monster_008.PNG	70	1	6	18	1.5	1.5	5	1
20009	Monster_004.PNG	80	1	6	18	1.5	1.5	5	1
20010	Monster_001.PNG	90	1.2	8	18	1.5	1.5	5	1
20011	Monster_005.PNG	220	1.5	2	250	2	2	5	1
20012	Monster_003.PNG	95	1	8	18	1.5	1.5	5	1
20013	Monster_006.PNG	100	1.1	8	18	1.5	1.5	5	1
20014	Monster_002.PNG	105	1	8	18	1.5	1.5	5	1
20015	Monster_007.PNG	110	1.2	8	18	1.5	1.5	5	1
20016	Monster_001.PNG	300	1.4	2	300	2	2	5	1
20017	Monster_003.PNG	800	1.5	1	900	2.5	2.5	5	1
20101	Monster_003.PNG	15	1	5	18	1.5	1.5	5	1
20102	Monster_005.PNG	40	1	5	18	1.5	1.5	5	1
20103	Monster_004.PNG	55	1	5	18	1.5	1.5	5	1
20104	Monster_006.PNG	60	1	5	18	1.5	1.5	5	1
20105	Monster_002.PNG	200	1.4	1	200	2	2	5	1
20106	Monster_001.PNG	70	1.5	6	18	1.5	1.5	5	1
20107	Monster_008.PNG	80	1	6	18	1.5	1.5	5	1
20108	Monster_007.PNG	90	1	6	18	1.5	1.5	5	1
20109	Monster_003.PNG	100	1	6	18	1.5	1.5	5	1
20110	Monster_004.PNG	110	1.1	8	18	1.5	1.5	5	1
20111	Monster_005.PNG	250	1.4	1	250	2	2	5	1
20112	Monster_006.PNG	110	1	5	18	1.5	1.5	5	1
20113	Monster_008.PNG	120	1.1	5	18	1.5	1.5	5	1
20114	Monster_002.PNG	130	1	5	18	1.5	1.5	5	1
20115	Monster_001.PNG	140	1.5	5	18	1.5	1.5	5	1
20116	Monster_007.PNG	300	1.4	2	300	2	2	5	1
20117	Monster_005.PNG	1000	1.5	1	900	2.5	2.5	5	1
20201	Monster_005.PNG	15	1	5	18	1.5	1.5	5	1
20202	Monster_006.PNG	40	1	5	18	1.5	1.5	5	1
20203	Monster_004.PNG	50	1	5	18	1.5	1.5	5	1
20204	Monster_003.PNG	55	1	5	18	1.5	1.5	5	1
20205	Monster_002.PNG	250	1.3	1	200	2	2	5	1
20206	Monster_001.PNG	70	1.5	6	18	1.5	1.5	5	1
20207	Monster_007.PNG	80	1.3	6	18	1.5	1.5	5	1
20208	Monster_008.PNG	90	1.2	6	18	1.5	1.5	5	1
20209	Monster_005.PNG	100	1.3	6	18	1.5	1.5	5	1
20210	Monster_002.PNG	110	1.3	8	18	1.5	1.5	5	1
20211	Monster_004.PNG	300	1.5	2	250	2	2	5	1
20212	Monster_006.PNG	120	1.3	5	18	1.5	1.5	5	1
20213	Monster_003.PNG	130	1.3	5	18	1.5	1.5	5	1
20214	Monster_001.PNG	140	1.5	5	18	1.5	1.5	5	1
20215	Monster_007.PNG	150	1.2	5	18	1.5	1.5	5	1
20216	Monster_006.PNG	160	1.2	5	18	1.5	1.5	5	1
20217	Monster_005.PNG	350	1.5	2	300	2	2	5	1
20218	Monster_008.PNG	160	1.3	5	18	1.5	1.5	5	1
20219	Monster_004.PNG	170	1.4	5	18	1.5	1.5	5	1
20220	Monster_006.PNG	180	1.4	5	18	1.5	1.5	5	1
20221	Monster_003.PNG	190	1.4	5	18	1.5	1.5	5	1
20222	Monster_002.PNG	400	1.5	3	350	2	2	5	1
20223	Monster_001.PNG	1500	1.5	1	900	2.5	2.5	5	1
20301	Monster_001.PNG	15	1.5	5	18	1.5	1.5	5	1
20302	Monster_002.PNG	40	1	5	18	1.5	1.5	5	1
20303	Monster_003.PNG	55	1	5	18	1.5	1.5	5	1
20304	Monster_006.PNG	60	1	5	18	1.5	1.5	5	1
20305	Monster_004.PNG	250	1.3	1	200	2	2	5	1
20306	Monster_008.PNG	70	1.5	6	18	1.5	1.5	5	1
20307	Monster_005.PNG	80	1.3	6	18	1.5	1.5	5	1
20308	Monster_006.PNG	90	1.2	6	18	1.5	1.5	5	1
20309	Monster_007.PNG	100	1.3	6	18	1.5	1.5	5	1
20310	Monster_001.PNG	110	1.5	8	18	1.5	1.5	5	1
20311	Monster_003.PNG	300	1.4	2	250	2	2	5	1
20312	Monster_006.PNG	120	1.3	5	18	1.5	1.5	5	1
20313	Monster_004.PNG	130	1.3	5	18	1.5	1.5	5	1
20314	Monster_002.PNG	140	1.3	5	18	1.5	1.5	5	1
20315	Monster_005.PNG	150	1.2	5	18	1.5	1.5	5	1
20316	Monster_008.PNG	160	1.2	5	18	1.5	1.5	5	1
20317	Monster_007.PNG	350	1.5	3	300	2	2	5	1
20318	Monster_001.PNG	160	1.5	5	18	1.5	1.5	5	1
20319	Monster_002.PNG	170	1.4	5	18	1.5	1.5	5	1
20320	Monster_003.PNG	180	1.4	5	18	1.5	1.5	5	1
20321	Monster_004.PNG	190	1.4	5	18	1.5	1.5	5	1
20322	Monster_006.PNG	400	1.5	4	350	2	2	5	1
20323	Monster_005.PNG	1500	1.5	1	900	2.5	2.5	5	1
20401	Monster_006.PNG	15	1	5	18	1.5	1.5	5	1
20402	Monster_004.PNG	40	1	6	18	1.5	1.5	5	1
20403	Monster_002.PNG	50	1	6	18	1.5	1.5	5	1
20404	Monster_003.PNG	60	1	6	18	1.5	1.5	5	1
20405	Monster_001.PNG	180	1.4	1	200	2	2	5	1
20406	Monster_007.PNG	70	1.5	6	18	1.5	1.5	5	1
20407	Monster_008.PNG	80	1	6	18	1.5	1.5	5	1
20408	Monster_005.PNG	90	1	6	18	1.5	1.5	5	1
20409	Monster_003.PNG	100	1	6	18	1.5	1.5	5	1
20410	Monster_004.PNG	110	1.1	8	18	1.5	1.5	5	1
20411	Monster_002.PNG	180	1.5	2	200	2	2	5	1
20412	Monster_006.PNG	120	1.4	6	18	1.5	1.5	5	1
20413	Monster_001.PNG	130	1.6	6	18	1.5	1.5	5	1
20414	Monster_007.PNG	135	1.2	6	18	1.5	1.5	5	1
20415	Monster_008.PNG	140	1.8	6	18	1.5	1.5	5	1
20416	Monster_005.PNG	200	1.5	2	250	2	2	5	1
20417	Monster_003.PNG	500	1.5	1	900	2.5	2.5	5	1
20501	Monster_005.PNG	15	1	5	18	1.5	1.5	5	1
20502	Monster_003.PNG	40	1	5	18	1.5	1.5	5	1
20503	Monster_007.PNG	50	1	5	18	1.5	1.5	5	1
20504	Monster_008.PNG	60	1	5	18	1.5	1.5	5	1
20505	Monster_001.PNG	200	1.5	1	200	2	2	5	1
20506	Monster_006.PNG	70	1.3	6	18	1.5	1.5	5	1
20507	Monster_002.PNG	80	1	6	18	1.5	1.5	5	1
20508	Monster_004.PNG	90	1	6	18	1.5	1.5	5	1
20509	Monster_003.PNG	100	1	6	18	1.5	1.5	5	1
20510	Monster_005.PNG	110	1.1	8	18	1.5	1.5	5	1
20511	Monster_008.PNG	250	1.5	2	200	2	2	5	1
20512	Monster_007.PNG	120	1	5	18	1.5	1.5	5	1
20513	Monster_001.PNG	130	1.5	5	18	1.5	1.5	5	1
20514	Monster_003.PNG	140	1	5	18	1.5	1.5	5	1
20515	Monster_002.PNG	150	1.5	5	18	1.5	1.5	5	1
20516	Monster_004.PNG	280	1.4	2	250	2	2	5	1
20517	Monster_006.PNG	600	1.5	1	900	2.5	2.5	5	1
20601	Monster_002.PNG	15	1	5	18	1.5	1.5	5	1
20602	Monster_004.PNG	40	1	5	18	1.5	1.5	5	1
20603	Monster_005.PNG	50	1	5	18	1.5	1.5	5	1
20604	Monster_003.PNG	60	1	5	18	1.5	1.5	5	1
20605	Monster_007.PNG	250	1.4	1	200	2	2	5	1
20606	Monster_001.PNG	70	1.5	6	18	1.5	1.5	5	1
20607	Monster_002.PNG	80	1	6	18	1.5	1.5	5	1
20608	Monster_008.PNG	90	1	6	18	1.5	1.5	5	1
20609	Monster_003.PNG	100	1	6	18	1.5	1.5	5	1
20610	Monster_006.PNG	110	1.1	8	18	1.5	1.5	5	1
20611	Monster_004.PNG	300	1.5	2	200	2	2	5	1
20612	Monster_005.PNG	120	1	5	18	1.5	1.5	5	1
20613	Monster_001.PNG	130	1.5	5	18	1.5	1.5	5	1
20614	Monster_007.PNG	140	1	5	18	1.5	1.5	5	1
20615	Monster_008.PNG	150	1.3	5	18	1.5	1.5	5	1
20616	Monster_002.PNG	350	1.5	2	250	2	2	5	1
20617	Monster_003.PNG	1200	1.5	1	900	2.5	2.5	5	1
20701	Monster_003.PNG	15	1	8	18	1.5	1.5	5	1
20702	Monster_006.PNG	40	1	8	18	1.5	1.5	5	1
20703	Monster_007.PNG	50	1	8	18	1.5	1.5	5	1
20704	Monster_004.PNG	60	1	6	18	1.5	1.5	5	1
20705	Monster_001.PNG	200	1.5	1	200	2	2	5	1
20706	Monster_008.PNG	70	1	6	18	1.5	1.5	5	1
20707	Monster_005.PNG	80	1	6	18	1.5	1.5	5	1
20708	Monster_006.PNG	90	1	6	18	1.5	1.5	5	1
20709	Monster_002.PNG	100	1	5	18	1.5	1.5	5	1
20710	Monster_001.PNG	110	1.3	5	18	1.5	1.5	5	1
20711	Monster_004.PNG	250	1.3	2	250	2	2	5	1
20712	Monster_003.PNG	120	1	5	18	1.5	1.5	5	1
20713	Monster_005.PNG	130	1.1	5	18	1.5	1.5	5	1
20714	Monster_007.PNG	140	1	5	18	1.5	1.5	5	1
20715	Monster_008.PNG	150	1.2	5	18	1.5	1.5	5	1
20716	Monster_002.PNG	300	1.4	2	300	2	2	5	1
20717	Monster_006.PNG	1000	1.5	1	900	2.5	2.5	5	1
20801	Monster_004.PNG	15	1	8	18	1.5	1.5	5	1
20802	Monster_003.PNG	40	1	8	18	1.5	1.5	5	1
20803	Monster_007.PNG	50	1	8	18	1.5	1.5	5	1
20804	Monster_005.PNG	60	1	6	18	1.5	1.5	5	1
20805	Monster_001.PNG	200	1.5	1	200	2	2	5	1
20806	Monster_008.PNG	70	1	6	18	1.5	1.5	5	1
20807	Monster_006.PNG	80	1	6	18	1.5	1.5	5	1
20808	Monster_002.PNG	90	1	6	18	1.5	1.5	5	1
20809	Monster_003.PNG	100	1	5	18	1.5	1.5	5	1
20810	Monster_004.PNG	110	1.3	5	18	1.5	1.5	5	1
20811	Monster_001.PNG	250	1.3	2	250	2	2	5	1
20812	Monster_006.PNG	120	1	5	18	1.5	1.5	5	1
20813	Monster_005.PNG	130	1.1	5	18	1.5	1.5	5	1
20814	Monster_007.PNG	140	1	5	18	1.5	1.5	5	1
20815	Monster_008.PNG	150	1.2	5	18	1.5	1.5	5	1
20816	Monster_002.PNG	300	1.4	2	300	2	2	5	1
20817	Monster_003.PNG	600	1.5	1	900	2.5	2.5	5	1
20901	Monster_005.PNG	15	1.5	5	18	1.5	1.5	5	1
20902	Monster_002.PNG	40	1	5	18	1.5	1.5	5	1
20903	Monster_003.PNG	50	1	5	18	1.5	1.5	5	1
20904	Monster_006.PNG	60	1	5	18	1.5	1.5	5	1
20905	Monster_004.PNG	200	1.3	1	200	2	2	5	1
20906	Monster_008.PNG	70	1.5	6	18	1.5	1.5	5	1
20907	Monster_001.PNG	85	1.5	6	18	1.5	1.5	5	1
20908	Monster_006.PNG	100	1.2	6	18	1.5	1.5	5	1
20909	Monster_007.PNG	115	1.3	6	18	1.5	1.5	5	1
20910	Monster_005.PNG	130	1.3	6	18	1.5	1.5	5	1
20911	Monster_003.PNG	350	1.4	3	200	2	2	5	1
20912	Monster_006.PNG	130	1.3	5	18	1.5	1.5	5	1
20913	Monster_004.PNG	145	1.3	5	18	1.5	1.5	5	1
20914	Monster_002.PNG	160	1.3	5	18	1.5	1.5	5	1
20915	Monster_001.PNG	175	1.5	5	18	1.5	1.5	5	1
20916	Monster_008.PNG	190	1.2	5	18	1.5	1.5	5	1
20917	Monster_007.PNG	450	1.5	3	250	2	2	5	1
20918	Monster_005.PNG	190	1.3	5	18	1.5	1.5	5	1
20919	Monster_002.PNG	205	1.4	5	18	1.5	1.5	5	1
20920	Monster_003.PNG	220	1.4	5	18	1.5	1.5	5	1
20921	Monster_004.PNG	235	1.4	5	18	1.5	1.5	5	1
20922	Monster_006.PNG	550	1.5	3	300	2	2	5	1
20923	Monster_001.PNG	3500	1	1	900	2.5	2.5	5	1
30001	Monster_008.PNG	15	1.2	8	18	1.5	1.5	5	1
30002	Monster_002.PNG	30	1	8	18	1.5	1.5	5	1
30003	Monster_001.PNG	40	1.4	6	18	1.5	1.5	5	1
30004	Monster_004.PNG	50	1	6	18	1.5	1.5	5	1
30005	Monster_003.PNG	100	1.3	1	200	2	2	5	1
30006	Monster_005.PNG	60	1	5	18	1.5	1.5	5	1
30007	Monster_007.PNG	70	1	5	18	1.5	1.5	5	1
30008	Monster_006.PNG	80	1.2	5	18	1.5	1.5	5	1
30009	Monster_002.PNG	90	1.2	5	18	1.5	1.5	5	1
30010	Monster_008.PNG	150	1.4	2	300	2	2	5	1
30011	Monster_003.PNG	400	1.2	1	900	2.5	2.5	5	1
30101	Monster_002.PNG	15	1	8	18	1.5	1.5	5	1
30102	Monster_004.PNG	40	1	8	18	1.5	1.5	5	1
30103	Monster_007.PNG	50	1	8	18	1.5	1.5	5	1
30104	Monster_006.PNG	60	1	6	18	1.5	1.5	5	1
30105	Monster_001.PNG	200	1.5	1	200	2	2	5	1
30106	Monster_008.PNG	60	1	5	18	1.5	1.5	5	1
30107	Monster_005.PNG	70	1	5	18	1.5	1.5	5	1
30108	Monster_002.PNG	80	1	5	18	1.5	1.5	5	1
30109	Monster_003.PNG	90	1	5	18	1.5	1.5	5	1
30110	Monster_004.PNG	100	1.3	5	18	1.5	1.5	5	1
30111	Monster_001.PNG	250	1.3	2	250	2	2	5	1
30112	Monster_007.PNG	100	1	5	18	1.5	1.5	5	1
30113	Monster_006.PNG	105	1.1	5	18	1.5	1.5	5	1
30114	Monster_005.PNG	110	1	5	18	1.5	1.5	5	1
30115	Monster_002.PNG	110	1.2	5	18	1.5	1.5	5	1
30116	Monster_003.PNG	300	1.4	2	300	2	2	5	1
30117	Monster_008.PNG	500	1.5	1	900	2.5	2.5	5	1
30201	Monster_002.PNG	15	1.2	8	18	1.5	1.5	5	1
30202	Monster_003.PNG	40	1.3	8	18	1.5	1.5	5	1
30203	Monster_001.PNG	50	1.6	8	18	1.5	1.5	5	1
30204	Monster_005.PNG	60	1.2	8	18	1.5	1.5	5	1
30205	Monster_006.PNG	300	1.5	1	200	2	2	5	1
30206	Monster_008.PNG	70	1.3	9	18	1.5	1.5	5	1
30207	Monster_007.PNG	80	1.3	9	18	1.5	1.5	5	1
30208	Monster_004.PNG	90	1.3	9	18	1.5	1.5	5	1
30209	Monster_002.PNG	100	1.3	9	18	1.5	1.5	5	1
30210	Monster_003.PNG	400	1.5	2	300	2	2	5	1
30211	Monster_001.PNG	900	1.7	1	900	2.5	2.5	5	1
30301	Monster_003.PNG	15	1.5	8	18	1.5	1.5	5	1
30302	Monster_005.PNG	30	1.5	8	18	1.5	1.5	5	1
30303	Monster_006.PNG	50	1.5	8	18	1.5	1.5	5	1
30304	Monster_004.PNG	60	1.5	6	18	1.5	1.5	5	1
30305	Monster_007.PNG	300	2	1	200	2	2	5	1
30306	Monster_001.PNG	70	2	5	18	1.5	1.5	5	1
30307	Monster_002.PNG	80	1.5	5	18	1.5	1.5	5	1
30308	Monster_003.PNG	90	1.6	5	18	1.5	1.5	5	1
30309	Monster_005.PNG	100	1.6	5	18	1.5	1.5	5	1
30310	Monster_004.PNG	110	1.6	5	18	1.5	1.5	5	1
30311	Monster_006.PNG	400	2	2	250	2	2	5	1
30312	Monster_007.PNG	120	1.7	5	18	1.5	1.5	5	1
30313	Monster_008.PNG	130	1.7	5	18	1.5	1.5	5	1
30314	Monster_002.PNG	140	1.7	5	18	1.5	1.5	5	1
30315	Monster_003.PNG	150	1.7	5	18	1.5	1.5	5	1
30316	Monster_005.PNG	450	2	2	300	2	2	5	1
30317	Monster_006.PNG	1600	1	1	900	2.5	2.5	5	1
30401	Monster_001.PNG	15	2.5	8	18	1.5	1.5	5	1
30402	Monster_003.PNG	30	2	9	18	1.5	1.5	5	1
30403	Monster_002.PNG	40	2	10	18	1.5	1.5	5	1
30404	Monster_004.PNG	50	2	10	18	1.5	1.5	5	1
30405	Monster_005.PNG	180	2.2	1	200	2	2	5	1
30406	Monster_008.PNG	55	2	7	18	1.5	1.5	5	1
30407	Monster_007.PNG	60	2	7	18	1.5	1.5	5	1
30408	Monster_006.PNG	65	2	7	18	1.5	1.5	5	1
30409	Monster_001.PNG	70	2	7	18	1.5	1.5	5	1
30410	Monster_003.PNG	200	1.6	2	300	2	2	5	1
30411	Monster_004.PNG	400	1	1	900	2.5	2.5	5	1
30501	Monster_002.PNG	15	1.8	8	18	1.5	1.5	5	1
30502	Monster_003.PNG	30	1.8	8	18	1.5	1.5	5	1
30503	Monster_007.PNG	40	1.8	8	18	1.5	1.5	5	1
30504	Monster_005.PNG	50	1.8	8	18	1.5	1.5	5	1
30505	Monster_001.PNG	200	2	1	200	2	2	5	1
30506	Monster_008.PNG	60	2	5	18	1.5	1.5	5	1
30507	Monster_006.PNG	70	1.8	5	18	1.5	1.5	5	1
30508	Monster_002.PNG	80	1.8	5	18	1.5	1.5	5	1
30509	Monster_003.PNG	90	1.8	5	18	1.5	1.5	5	1
30510	Monster_005.PNG	100	1.8	5	18	1.5	1.5	5	1
30511	Monster_001.PNG	250	2	2	250	2	2	5	1
30512	Monster_006.PNG	110	1.8	5	18	1.5	1.5	5	1
30513	Monster_004.PNG	120	1.8	5	18	1.5	1.5	5	1
30514	Monster_007.PNG	130	1.8	5	18	1.5	1.5	5	1
30515	Monster_008.PNG	140	1.8	5	18	1.5	1.5	5	1
30516	Monster_002.PNG	300	1.5	2	300	2	2	5	1
30517	Monster_005.PNG	1000	1	1	900	2.5	2.5	5	1
30601	Monster_002.PNG	15	1.8	8	18	1.5	1.5	5	1
30602	Monster_004.PNG	30	1.8	8	18	1.5	1.5	5	1
30603	Monster_005.PNG	50	1.8	8	18	1.5	1.5	5	1
30604	Monster_003.PNG	60	1.8	6	18	1.5	1.5	5	1
30605	Monster_007.PNG	200	2	1	200	2	2	5	1
30606	Monster_001.PNG	70	2	5	18	1.5	1.5	5	1
30607	Monster_002.PNG	80	1.8	5	18	1.5	1.5	5	1
30608	Monster_008.PNG	90	1.8	5	18	1.5	1.5	5	1
30609	Monster_003.PNG	100	1.8	5	18	1.5	1.5	5	1
30610	Monster_006.PNG	100	1.8	5	18	1.5	1.5	5	1
30611	Monster_004.PNG	250	2	2	250	2	2	5	1
30612	Monster_005.PNG	130	1.8	5	18	1.5	1.5	5	1
30613	Monster_001.PNG	140	1.8	5	18	1.5	1.5	5	1
30614	Monster_007.PNG	145	1.8	5	18	1.5	1.5	5	1
30615	Monster_008.PNG	145	1.8	5	18	1.5	1.5	5	1
30616	Monster_002.PNG	300	2	2	300	2	2	5	1
30617	Monster_003.PNG	1000	1	1	900	2.5	2.5	5	1
30701	Monster_003.PNG	15	1.8	8	18	1.5	1.5	5	1
30702	Monster_005.PNG	30	2	8	18	1.5	1.5	5	1
30703	Monster_004.PNG	50	2.2	8	18	1.5	1.5	5	1
30704	Monster_006.PNG	60	2	6	18	1.5	1.5	5	1
30705	Monster_002.PNG	200	2	1	200	2	2	5	1
30706	Monster_001.PNG	70	2.5	5	18	1.5	1.5	5	1
30707	Monster_008.PNG	85	2.2	5	18	1.5	1.5	5	1
30708	Monster_007.PNG	100	2.2	5	18	1.5	1.5	5	1
30709	Monster_003.PNG	110	2.2	5	18	1.5	1.5	5	1
30710	Monster_004.PNG	110	2	5	18	1.5	1.5	5	1
30711	Monster_005.PNG	250	2	2	250	2	2	5	1
30712	Monster_006.PNG	120	2.2	5	18	1.5	1.5	5	1
30713	Monster_008.PNG	130	2.2	5	18	1.5	1.5	5	1
30714	Monster_002.PNG	140	2.2	5	18	1.5	1.5	5	1
30715	Monster_001.PNG	140	2	5	18	1.5	1.5	5	1
30716	Monster_007.PNG	350	2	2	300	2	2	5	1
30717	Monster_005.PNG	800	1	1	900	2.5	2.5	5	1
30801	Monster_004.PNG	15	1.8	5	18	1.5	1.5	5	1
30802	Monster_001.PNG	25	2.2	5	18	1.5	1.5	5	1
30803	Monster_003.PNG	40	1.6	5	18	1.5	1.5	5	1
30804	Monster_006.PNG	50	1.6	5	18	1.5	1.5	5	1
30805	Monster_005.PNG	200	1.8	1	200	2	2	5	1
30806	Monster_008.PNG	60	1.8	6	18	1.5	1.5	5	1
30807	Monster_002.PNG	75	1.6	6	18	1.5	1.5	5	1
30808	Monster_007.PNG	90	1.6	6	18	1.5	1.5	5	1
30809	Monster_006.PNG	105	1.6	6	18	1.5	1.5	5	1
30810	Monster_001.PNG	120	2.2	8	18	1.5	1.5	5	1
30811	Monster_003.PNG	250	1.6	1	250	2	2	5	1
30812	Monster_005.PNG	120	1.6	5	18	1.5	1.5	5	1
30813	Monster_004.PNG	130	1.6	5	18	1.5	1.5	5	1
30814	Monster_002.PNG	140	1.6	5	18	1.5	1.5	5	1
30815	Monster_006.PNG	150	1.6	5	18	1.5	1.5	5	1
30816	Monster_008.PNG	160	1.5	5	18	1.5	1.5	5	1
30817	Monster_007.PNG	300	1.8	2	300	2	2	5	1
30818	Monster_001.PNG	160	2.2	5	18	1.5	1.5	5	1
30819	Monster_003.PNG	170	1.6	5	18	1.5	1.5	5	1
30820	Monster_002.PNG	180	1.6	5	18	1.5	1.5	5	1
30821	Monster_004.PNG	180	1.6	5	18	1.5	1.5	5	1
30822	Monster_005.PNG	350	1.8	2	350	2	2	5	1
30823	Monster_006.PNG	700	1.6	1	900	2.5	2.5	5	1
30901	Monster_005.PNG	15	2.2	5	18	1.5	1.5	5	1
30902	Monster_006.PNG	30	2.2	8	18	1.5	1.5	5	1
30903	Monster_003.PNG	40	2.2	8	18	1.5	1.5	5	1
30904	Monster_004.PNG	50	2	6	18	1.5	1.5	5	1
30905	Monster_002.PNG	200	2	1	200	2	2	5	1
30906	Monster_008.PNG	60	2.2	7	18	1.5	1.5	5	1
30907	Monster_007.PNG	65	2.2	7	18	1.5	1.5	5	1
30908	Monster_001.PNG	70	2.4	7	18	1.5	1.5	5	1
30909	Monster_003.PNG	75	2.2	7	18	1.5	1.5	5	1
30910	Monster_005.PNG	80	2	8	18	1.5	1.5	5	1
30911	Monster_004.PNG	250	2	1	250	2	2	5	1
30912	Monster_006.PNG	90	2.2	8	18	1.5	1.5	5	1
30913	Monster_002.PNG	100	2.2	8	18	1.5	1.5	5	1
30914	Monster_008.PNG	110	2.2	8	18	1.5	1.5	5	1
30915	Monster_007.PNG	120	2.2	8	18	1.5	1.5	5	1
30916	Monster_005.PNG	130	2.3	8	18	1.5	1.5	5	1
30917	Monster_001.PNG	300	2.2	2	300	2	2	5	1
30918	Monster_004.PNG	150	2.2	6	18	1.5	1.5	5	1
30919	Monster_003.PNG	170	2.2	6	18	1.5	1.5	5	1
30920	Monster_006.PNG	190	2.2	6	18	1.5	1.5	5	1
30921	Monster_008.PNG	210	2.2	6	18	1.5	1.5	5	1
30922	Monster_002.PNG	320	2.2	2	350	2	2	5	1
30923	Monster_001.PNG	700	2	1	900	2.5	2.5	5	1